level	distance	size
0	100000	0
0.5	96605	0.5
1	93325	1
1.5	90157	1.5
2	87096	2
2.5	84139	2.5
3	81283	3
3.5	78523	3.5
4	75858	4
4.5	73282	4.5
5	70794	5
5.5	68391	5.5
6	66069	6
6.5	63826	6.5
7	61659	7
7.5	59566	7.5
8	57544	8
8.5	55590	8.5
9	53703	9
9.5	51880	9.5
10	50118	10
10.5	48417	10.5
11	46773	11
11.5	45185	11.5
12	43651	12
12.5	42169	12.5
13	40738	13
13.5	39355	13.5
14	38019	14
14.5	36728	14.5
15	35481	15
15.5	34276	15.5
16	33113	16
16.5	31989	16.5
17	30903	17
17.5	29853	17.5
18	28840	18
18.5	27861	18.5
19	26915	19
19.5	26001	19.5
20	25119	20
20.5	24266	20.5
21	23442	21
21.5	22646	21.5
22	21877	22
22.5	21135	22.5
23	20417	23
23.5	19724	23.5
24	19054	24
24.5	18407	24.5
25	17782	25
25.5	17179	25.5
26	16596	26
26.5	16032	26.5
27	15488	27
27.5	14962	27.5
28	14454	28
28.5	13963	28.5
29	13489	29
29.5	13031	29.5
30	12589	30
30.5	12162	30.5
31	11749	31
31.5	11350	31.5
32	10965	32
32.5	10592	32.5
33	10233	33
33.5	9885	33.5
34	9550	34
34.5	9225	34.5
35	8912	35
35.5	8610	35.5
36	8317	36
36.5	8035	36.5
37	7762	37
37.5	7499	37.5
38	7244	38
38.5	6998	38.5
39	6761	39
39.5	6531	39.5
40	6309	40
40.5	6095	40.5
41	5888	41
41.5	5688	41.5
42	5495	42
42.5	5309	42.5
43	5128	43
43.5	4954	43.5
44	4786	44
44.5	4624	44.5
45	4467	45
45.5	4315	45.5
46	4169	46
46.5	4027	46.5
47	3890	47
47.5	3758	47.5
48	3631	48
48.5	3507	48.5
49	3388	49
49.5	3273	49.5
50	3162	50
50.5	3055	50.5
51	2951	51
51.5	2851	51.5
52	2754	52
52.5	2661	52.5
53	2570	53
53.5	2483	53.5
54	2399	54
54.5	2317	54.5
55	2239	55
55.5	2163	55.5
56	2089	56
56.5	2018	56.5
57	1950	57
57.5	1884	57.5
58	1820	58
58.5	1758	58.5
59	1698	59
59.5	1641	59.5
60	1585	60
60.5	1531	60.5
61	1479	61
61.5	1429	61.5
62	1380	62
62.5	1333	62.5
63	1288	63
63.5	1244	63.5
64	1202	64
64.5	1161	64.5
65	1122	65
65.5	1084	65.5
66	1047	66
66.5	1012	66.5
67	977	67
67.5	944	67.5
68	912	68
68.5	881	68.5
69	851	69
69.5	822	69.5
70	794	70
70.5	767	70.5
71	741	71
71.5	716	71.5
72	692	72
72.5	668	72.5
73	646	73
73.5	624	73.5
74	603	74
74.5	582	74.5
75	562	75
75.5	543	75.5
76	525	76
76.5	507	76.5
77	490	77
77.5	473	77.5
78	457	78
78.5	442	78.5
79	427	79
79.5	412	79.5
80	398	80
80.5	385	80.5
81	372	81
81.5	359	81.5
82	347	82
82.5	335	82.5
83	324	83
83.5	313	83.5
84	302	84
84.5	292	84.5
85	282	85
85.5	272	85.5
86	263	86
86.5	254	86.5
87	245	87
87.5	237	87.5
88	229	88
88.5	221	88.5
89	214	89
89.5	207	89.5
90	200	90
90.5	193	90.5
91	186	91
91.5	180	91.5
92	174	92
92.5	168	92.5
93	162	93
93.5	157	93.5
94	151	94
94.5	146	94.5
95	141	95
95.5	136	95.5
96	132	96
96.5	127	96.5
97	123	97
97.5	119	97.5
98	115	98
98.5	111	98.5
99	107	99
99.5	104	99.5
100	100	100
